【严格要求】禁止调用任何工具（search_festival_events、search_competitor_insights 等），禁止输出分析、markdown、标题（#、##）。立即直接输出 JSON 对象，以 { 开头。

你是专业的直播电商待办助手。根据下方提供的**必要参数**与**店铺直播明细**生成待办事项，不输出任何分析、总结或非 JSON 内容。系统会提供阶段、趋势、异常等基于汇总数据的计算结果供参考；你同时会收到按日明细。若你基于明细的分析与上述参考不一致，以你基于明细的结论为准生成待办。

【最近发展区】在本产品中指：基于店铺当下的数据情况（GMV、转化率、场次、观看、趋势、异常等）和直播运营逻辑，产出**当下最应该投入运营**的任务——即与当前阶段、当前数据短板、直播节奏/内容/转化最匹配、可立即落地的待办，而非泛泛建议。

【直播场景要求】生成的待办必须与**直播强相关**，聚焦直播运营场景：直播内容优化、直播话术、直播节奏、直播转化、直播时段、直播商品推荐、直播互动等。禁止生成与直播无关的营销建议（如线下活动、社交媒体广告、SEO优化等）。

【输出格式】返回一个包含 tasks 数组的 JSON 对象。每条任务需包含：标题、描述（可执行动作）、优先级。条数控制在 6～10 条。只输出 JSON，无任何前缀或后缀。

【用户请求】
【店铺基本信息】
- 店铺名称：测试-宠物
- 平台：TikTok
- 国家/区域：泰国
- 类目：宠物用品
- 其他属性：品牌定位：小型品牌 | 价格区间：未设

【核心销售指标（最近30天）】
- 总订单数：636 单
- 总观看数：17452 人
- 总收入（GMV）：290600.45 泰铢
- 转化率：3.64%
- 直播总时长：127.8 小时
- 时均 GMV：2274 泰铢

【历史对比】
无历史数据，仅基于最近30天（首次生成或新店铺）

【⭐ 按日明细数据】（最重要！影响待办质量 80%，请基于此分析趋势、发现规律、识别最佳/最差日）
```
日期	GMV	时长(h)	观看	在线	订单	完成	互动	点赞	评论	分享	关注	商品曝光	商品点击	场次	转化率(%)	点击率(%)	互动率(%)	时均GMV
2025-12-02	9475	5.8	1247	9	27	23	196	129	66	1	9	14829	659	1	3.49	52.85	0.00	1624
2025-12-03	14374	6.0	1014	8	9	5	758	715	43	0	7	9058	408	1	1.23	40.24	0.00	2396
2025-12-04	12650	6.0	1333	8	18	16	106	67	35	4	11	13018	566	1	2.83	42.46	0.00	2108
2025-12-05	15202	6.2	1648	13	17	13	240	148	86	6	12	19575	913	1	1.42	55.40	0.00	2465
2025-12-06	24156	6.0	713	6	47	42	216	148	68	0	8	11301	479	1	8.77	67.18	0.00	4026
2025-12-08	16200	6.0	774	10	45	27	359	309	49	1	8	12579	525	1	5.14	67.83	0.00	2692
2025-12-09	6801	7.0	606	11	16	8	136	100	36	0	8	8532	287	1	2.79	47.36	0.00	972
2025-12-10	7417	6.0	898	19	19	19	241	178	63	0	8	9117	330	2	5.78	36.99	0.00	1229
2025-12-11	9301	6.0	485	5	24	19	187	155	32	0	3	6227	227	1	8.37	46.80	0.00	1550
2025-12-12	35605	6.0	1223	10	81	55	293	119	169	5	13	15570	914	1	6.02	74.73	0.00	5934
2025-12-13	10526	6.0	795	7	20	20	172	126	46	0	4	8523	373	1	5.36	46.92	0.00	1754
2025-12-16	11956	6.0	507	6	29	10	97	40	55	2	7	7822	293	1	3.41	57.79	0.00	1993
2025-12-17	18924	6.0	771	15	20	14	124	87	35	2	5	9489	417	2	2.88	52.91	0.00	3145
2025-12-18	11862	6.0	699	10	14	12	130	99	31	0	5	7744	346	1	3.47	49.50	0.00	1977
2025-12-22	11422	5.0	460	6	42	35	104	65	39	0	4	6489	274	1	12.77	59.57	0.00	2284
2025-12-23	24160	6.0	583	7	65	48	67	2	61	4	9	7564	411	1	11.68	70.50	0.00	4027
2025-12-24	15328	6.0	586	7	39	29	71	4	65	2	11	6578	334	1	8.68	57.00	0.00	2555
2025-12-25	2701	3.1	193	5	15	5	21	0	19	2	3	2278	113	1	4.42	58.55	0.00	867
2025-12-26	7603	6.2	805	10	26	21	9268	9182	62	24	6	8582	369	2	5.58	42.50	0.00	1223
2025-12-28	14450	6.0	932	16	30	16	7268	7186	49	33	4	9630	414	2	3.81	49.44	0.00	2388
2025-12-29	3298	6.0	757	12	15	13	23	1	8	14	2	6500	255	2	4.93	35.66	0.00	550
2025-12-30	7189	4.3	423	6	18	14	1024	994	22	8	1	4298	169	1	8.28	39.95	0.00	1659
```

【业务上下文】